8 5
0.959796 0.214170 0.005453 0.461070 0.001125 0.000505 0.691729
0.001749 0.005760 0.000000 0.525038 0.897551 0.025948 0.000209
0.028559 0.005205 0.000148 0.003293 0.000126 0.018571 0.020798
0.000052 0.000140 0.000000 0.003750 0.100855 0.954880 0.000006
0.009543 0.736533 0.968097 0.003180 0.000000 0.000000 0.278789
0.000017 0.019810 0.000006 0.003621 0.000307 0.000003 0.000084
0.000284 0.017900 0.026295 0.000023 0.000000 0.000002 0.008382
0.000001 0.000481 0.000000 0.000026 0.000035 0.000092 0.000003
4.5
